%YAML:1.0
---
calibration_time: "Wed Jul  8 01:02:54 2020"
image_width: 852
image_height: 480
flags: 0
camera_matrix: !!opencv-matrix
   rows: 3
   cols: 3
   dt: d
   data: [ 8.6034858707072726e+02, 0., 5.2036629673664697e+02, 0.,
       9.5508672769618784e+02, 3.1357149836508671e+02, 0., 0., 1. ]
distortion_coefficients: !!opencv-matrix
   rows: 1
   cols: 5
   dt: d
   data: [ 5.0594956037957206e-01, -1.8994153811804313e+00,
       1.7095866345506701e-02, 5.4782644714872292e-02,
       3.0343285362895953e+00 ]
avg_reprojection_error: 9.6112273059073750e-01
