%YAML:1.0
---
calibration_time: "Fri Jul 10 09:41:02 2020"
image_width: 640
image_height: 480
flags: 0
camera_matrix: !!opencv-matrix
   rows: 3
   cols: 3
   dt: d
   data: [ 6.9279102327352996e+02, 0., 3.0128513704344078e+02, 0.,
       7.1145426940223763e+02, 1.5578258054823485e+02, 0., 0., 1. ]
distortion_coefficients: !!opencv-matrix
   rows: 1
   cols: 5
   dt: d
   data: [ 1.6722797518523258e-01, -6.7761952355450739e-02,
       -6.3051774087829984e-02, -9.8773835032761482e-03,
       -2.0472855325814635e-01 ]
avg_reprojection_error: 4.9485102010241516e-01
