%YAML:1.0
---
calibration_time: "Wed Jul  8 15:02:19 2020"
image_width: 640
image_height: 480
flags: 0
camera_matrix: !!opencv-matrix
   rows: 3
   cols: 3
   dt: d
   data: [ 6.6781062640462301e+02, 0., 3.0163616899396993e+02, 0.,
       6.7698243823926532e+02, 1.9015980907105660e+02, 0., 0., 1. ]
distortion_coefficients: !!opencv-matrix
   rows: 1
   cols: 5
   dt: d
   data: [ 1.8234238265759631e-01, -4.8787661687777756e-01,
       -4.4505163074672172e-02, -3.8230279627291955e-03,
       3.1690716999219348e+00 ]
avg_reprojection_error: 8.0877103579104148e-01
